#include <stdint.h>
static key_frame_t man_anim_run_animation_joint0_key_frames[] = {
	{
		.joint_local_transform = (mat4_t){
			.mat = {
				1.000000, 0.000000, 0.000000, 0.000000,
				0.000000, 0.965926, -0.258819, -0.018118,
				0.000000, 0.258819, 0.965926, -0.300000,
				0.000000, 0.000000, 0.000000, 1.000000
			}
		},
		.joint_local_transform_qvv = {
			.rot = (quat_t){0.991445, 0.130526, 0.000000, 0.000000},
			.pos = (vec3_t){0.000000, -0.018118, -0.300000},
			.scale = (vec3_t){1.000000, 1.000000, 1.000000}
		},
		.time_stamp = 0.000000
	},
	{
		.joint_local_transform = (mat4_t){
			.mat = {
				1.000000, 0.000000, 0.000000, 0.000000,
				0.000000, 0.965926, -0.258819, 0.094275,
				0.000000, 0.258819, 0.965926, -0.300000,
				0.000000, 0.000000, 0.000000, 1.000000
			}
		},
		.joint_local_transform_qvv = {
			.rot = (quat_t){0.991445, 0.130526, 0.000000, 0.000000},
			.pos = (vec3_t){0.000000, 0.094275, -0.300000},
			.scale = (vec3_t){1.000000, 1.000000, 1.000000}
		},
		.time_stamp = 0.041667
	},
	{
		.joint_local_transform = (mat4_t){
			.mat = {
				1.000000, 0.000000, 0.000000, 0.000000,
				0.000000, 0.965926, -0.258819, 0.178623,
				0.000000, 0.258819, 0.965926, -0.300000,
				0.000000, 0.000000, 0.000000, 1.000000
			}
		},
		.joint_local_transform_qvv = {
			.rot = (quat_t){0.991445, 0.130526, 0.000000, 0.000000},
			.pos = (vec3_t){0.000000, 0.178623, -0.300000},
			.scale = (vec3_t){1.000000, 1.000000, 1.000000}
		},
		.time_stamp = 0.083333
	},
	{
		.joint_local_transform = (mat4_t){
			.mat = {
				1.000000, 0.000000, 0.000000, 0.000000,
				0.000000, 0.965926, -0.258819, 0.194274,
				0.000000, 0.258819, 0.965926, -0.300000,
				0.000000, 0.000000, 0.000000, 1.000000
			}
		},
		.joint_local_transform_qvv = {
			.rot = (quat_t){0.991445, 0.130526, 0.000000, 0.000000},
			.pos = (vec3_t){0.000000, 0.194274, -0.300000},
			.scale = (vec3_t){1.000000, 1.000000, 1.000000}
		},
		.time_stamp = 0.125000
	},
	{
		.joint_local_transform = (mat4_t){
			.mat = {
				1.000000, 0.000000, 0.000000, 0.000000,
				0.000000, 0.965926, -0.258819, 0.038719,
				0.000000, 0.258819, 0.965926, -0.300000,
				0.000000, 0.000000, 0.000000, 1.000000
			}
		},
		.joint_local_transform_qvv = {
			.rot = (quat_t){0.991445, 0.130526, 0.000000, 0.000000},
			.pos = (vec3_t){0.000000, 0.038719, -0.300000},
			.scale = (vec3_t){1.000000, 1.000000, 1.000000}
		},
		.time_stamp = 0.166667
	},
	{
		.joint_local_transform = (mat4_t){
			.mat = {
				1.000000, 0.000000, 0.000000, 0.000000,
				0.000000, 0.965926, -0.258819, -0.250170,
				0.000000, 0.258819, 0.965926, -0.300000,
				0.000000, 0.000000, 0.000000, 1.000000
			}
		},
		.joint_local_transform_qvv = {
			.rot = (quat_t){0.991445, 0.130526, 0.000000, 0.000000},
			.pos = (vec3_t){0.000000, -0.250170, -0.300000},
			.scale = (vec3_t){1.000000, 1.000000, 1.000000}
		},
		.time_stamp = 0.208333
	},
	{
		.joint_local_transform = (mat4_t){
			.mat = {
				1.000000, 0.000000, 0.000000, 0.000000,
				0.000000, 0.965926, -0.258819, -0.405725,
				0.000000, 0.258819, 0.965926, -0.300000,
				0.000000, 0.000000, 0.000000, 1.000000
			}
		},
		.joint_local_transform_qvv = {
			.rot = (quat_t){0.991445, 0.130526, 0.000000, 0.000000},
			.pos = (vec3_t){0.000000, -0.405725, -0.300000},
			.scale = (vec3_t){1.000000, 1.000000, 1.000000}
		},
		.time_stamp = 0.250000
	},
	{
		.joint_local_transform = (mat4_t){
			.mat = {
				1.000000, 0.000000, 0.000000, 0.000000,
				0.000000, 0.965926, -0.258819, -0.305725,
				0.000000, 0.258819, 0.965926, -0.300000,
				0.000000, 0.000000, 0.000000, 1.000000
			}
		},
		.joint_local_transform_qvv = {
			.rot = (quat_t){0.991445, 0.130526, 0.000000, 0.000000},
			.pos = (vec3_t){0.000000, -0.305725, -0.300000},
			.scale = (vec3_t){1.000000, 1.000000, 1.000000}
		},
		.time_stamp = 0.291667
	},
	{
		.joint_local_transform = (mat4_t){
			.mat = {
				1.000000, 0.000000, 0.000000, 0.000000,
				0.000000, 0.965926, -0.258819, -0.156152,
				0.000000, 0.258819, 0.965926, -0.300000,
				0.000000, 0.000000, 0.000000, 1.000000
			}
		},
		.joint_local_transform_qvv = {
			.rot = (quat_t){0.991445, 0.130526, 0.000000, 0.000000},
			.pos = (vec3_t){0.000000, -0.156152, -0.300000},
			.scale = (vec3_t){1.000000, 1.000000, 1.000000}
		},
		.time_stamp = 0.333333
	},
	{
		.joint_local_transform = (mat4_t){
			.mat = {
				1.000000, 0.000000, 0.000000, 0.000000,
				0.000000, 0.965926, -0.258819, -0.018118,
				0.000000, 0.258819, 0.965926, -0.300000,
				0.000000, 0.000000, 0.000000, 1.000000
			}
		},
		.joint_local_transform_qvv = {
			.rot = (quat_t){0.991445, 0.130526, 0.000000, 0.000000},
			.pos = (vec3_t){0.000000, -0.018118, -0.300000},
			.scale = (vec3_t){1.000000, 1.000000, 1.000000}
		},
		.time_stamp = 0.375000
	},
	{
		.joint_local_transform = (mat4_t){
			.mat = {
				1.000000, 0.000000, 0.000000, 0.000000,
				0.000000, 0.965926, -0.258819, 0.094275,
				0.000000, 0.258819, 0.965926, -0.300000,
				0.000000, 0.000000, 0.000000, 1.000000
			}
		},
		.joint_local_transform_qvv = {
			.rot = (quat_t){0.991445, 0.130526, 0.000000, 0.000000},
			.pos = (vec3_t){0.000000, 0.094275, -0.300000},
			.scale = (vec3_t){1.000000, 1.000000, 1.000000}
		},
		.time_stamp = 0.416667
	},
	{
		.joint_local_transform = (mat4_t){
			.mat = {
				1.000000, 0.000000, 0.000000, 0.000000,
				0.000000, 0.965926, -0.258819, 0.167993,
				0.000000, 0.258819, 0.965926, -0.300000,
				0.000000, 0.000000, 0.000000, 1.000000
			}
		},
		.joint_local_transform_qvv = {
			.rot = (quat_t){0.991445, 0.130526, 0.000000, 0.000000},
			.pos = (vec3_t){0.000000, 0.167993, -0.300000},
			.scale = (vec3_t){1.000000, 1.000000, 1.000000}
		},
		.time_stamp = 0.458333
	},
	{
		.joint_local_transform = (mat4_t){
			.mat = {
				1.000000, 0.000000, 0.000000, 0.000000,
				0.000000, 0.965926, -0.258819, 0.194274,
				0.000000, 0.258819, 0.965926, -0.300000,
				0.000000, 0.000000, 0.000000, 1.000000
			}
		},
		.joint_local_transform_qvv = {
			.rot = (quat_t){0.991445, 0.130526, 0.000000, 0.000000},
			.pos = (vec3_t){0.000000, 0.194274, -0.300000},
			.scale = (vec3_t){1.000000, 1.000000, 1.000000}
		},
		.time_stamp = 0.500000
	},
	{
		.joint_local_transform = (mat4_t){
			.mat = {
				1.000000, 0.000000, 0.000000, 0.000000,
				0.000000, 0.965926, -0.258819, 0.038719,
				0.000000, 0.258819, 0.965926, -0.300000,
				0.000000, 0.000000, 0.000000, 1.000000
			}
		},
		.joint_local_transform_qvv = {
			.rot = (quat_t){0.991445, 0.130526, 0.000000, 0.000000},
			.pos = (vec3_t){0.000000, 0.038719, -0.300000},
			.scale = (vec3_t){1.000000, 1.000000, 1.000000}
		},
		.time_stamp = 0.541667
	},
	{
		.joint_local_transform = (mat4_t){
			.mat = {
				1.000000, 0.000000, 0.000000, 0.000000,
				0.000000, 0.965926, -0.258819, -0.250170,
				0.000000, 0.258819, 0.965926, -0.300000,
				0.000000, 0.000000, 0.000000, 1.000000
			}
		},
		.joint_local_transform_qvv = {
			.rot = (quat_t){0.991445, 0.130526, 0.000000, 0.000000},
			.pos = (vec3_t){0.000000, -0.250170, -0.300000},
			.scale = (vec3_t){1.000000, 1.000000, 1.000000}
		},
		.time_stamp = 0.583333
	},
	{
		.joint_local_transform = (mat4_t){
			.mat = {
				1.000000, 0.000000, 0.000000, 0.000000,
				0.000000, 0.965926, -0.258819, -0.405725,
				0.000000, 0.258819, 0.965926, -0.300000,
				0.000000, 0.000000, 0.000000, 1.000000
			}
		},
		.joint_local_transform_qvv = {
			.rot = (quat_t){0.991445, 0.130526, 0.000000, 0.000000},
			.pos = (vec3_t){0.000000, -0.405725, -0.300000},
			.scale = (vec3_t){1.000000, 1.000000, 1.000000}
		},
		.time_stamp = 0.625000
	},
	{
		.joint_local_transform = (mat4_t){
			.mat = {
				1.000000, 0.000000, 0.000000, 0.000000,
				0.000000, 0.965926, -0.258819, -0.305725,
				0.000000, 0.258819, 0.965926, -0.300000,
				0.000000, 0.000000, 0.000000, 1.000000
			}
		},
		.joint_local_transform_qvv = {
			.rot = (quat_t){0.991445, 0.130526, 0.000000, 0.000000},
			.pos = (vec3_t){0.000000, -0.305725, -0.300000},
			.scale = (vec3_t){1.000000, 1.000000, 1.000000}
		},
		.time_stamp = 0.666667
	},
	{
		.joint_local_transform = (mat4_t){
			.mat = {
				1.000000, 0.000000, 0.000000, 0.000000,
				0.000000, 0.965926, -0.258819, -0.118946,
				0.000000, 0.258819, 0.965926, -0.300000,
				0.000000, 0.000000, 0.000000, 1.000000
			}
		},
		.joint_local_transform_qvv = {
			.rot = (quat_t){0.991445, 0.130526, 0.000000, 0.000000},
			.pos = (vec3_t){0.000000, -0.118946, -0.300000},
			.scale = (vec3_t){1.000000, 1.000000, 1.000000}
		},
		.time_stamp = 0.708333
	},
	{
		.joint_local_transform = (mat4_t){
			.mat = {
				1.000000, 0.000000, 0.000000, 0.000000,
				0.000000, 0.965926, -0.258819, -0.018118,
				0.000000, 0.258819, 0.965926, -0.300000,
				0.000000, 0.000000, 0.000000, 1.000000
			}
		},
		.joint_local_transform_qvv = {
			.rot = (quat_t){0.991445, 0.130526, 0.000000, 0.000000},
			.pos = (vec3_t){0.000000, -0.018118, -0.300000},
			.scale = (vec3_t){1.000000, 1.000000, 1.000000}
		},
		.time_stamp = 0.750000
	}
};
static key_frame_t man_anim_run_animation_joint1_key_frames[] = {
	{
		.joint_local_transform = (mat4_t){
			.mat = {
				1.000000, 0.000000, 0.000000, 0.000000,
				0.000000, 1.000000, 0.000000, 1.108439,
				-0.000000, 0.000000, 1.000000, 0.000000,
				0.000000, 0.000000, 0.000000, 1.000000
			}
		},
		.joint_local_transform_qvv = {
			.rot = (quat_t){1.000000, 0.000000, 0.000000, 0.000000},
			.pos = (vec3_t){0.000000, 1.108439, 0.000000},
			.scale = (vec3_t){1.000000, 1.000000, 1.000000}
		},
		.time_stamp = 0.000000
	}
};
static key_frame_t man_anim_run_animation_joint2_key_frames[] = {
	{
		.joint_local_transform = (mat4_t){
			.mat = {
				0.000000, 1.000000, -0.000000, 1.044119,
				-1.000000, 0.000000, -0.000000, 1.249182,
				-0.000000, 0.000000, 1.000000, 0.000000,
				0.000000, 0.000000, 0.000000, 1.000000
			}
		},
		.joint_local_transform_qvv = {
			.rot = (quat_t){0.707107, 0.000000, 0.000000, -0.707107},
			.pos = (vec3_t){1.044119, 1.249182, 0.000000},
			.scale = (vec3_t){1.000000, 1.000000, 1.000000}
		},
		.time_stamp = 0.000000
	}
};
static key_frame_t man_anim_run_animation_joint3_key_frames[] = {
	{
		.joint_local_transform = (mat4_t){
			.mat = {
				1.000000, 0.000000, 0.000000, 0.000000,
				0.000000, 1.000000, 0.000000, 1.336369,
				0.000000, 0.000000, 1.000000, 0.000000,
				0.000000, 0.000000, 0.000000, 1.000000
			}
		},
		.joint_local_transform_qvv = {
			.rot = (quat_t){1.000000, 0.000000, 0.000000, 0.000000},
			.pos = (vec3_t){0.000000, 1.336369, 0.000000},
			.scale = (vec3_t){1.000000, 1.000000, 1.000000}
		},
		.time_stamp = 0.000000
	}
};
static key_frame_t man_anim_run_animation_joint4_key_frames[] = {
	{
		.joint_local_transform = (mat4_t){
			.mat = {
				1.000000, 0.000000, 0.000000, 0.000000,
				0.000000, 1.000000, 0.000000, 1.243903,
				0.000000, 0.000000, 1.000000, 0.000000,
				0.000000, 0.000000, 0.000000, 1.000000
			}
		},
		.joint_local_transform_qvv = {
			.rot = (quat_t){1.000000, 0.000000, 0.000000, 0.000000},
			.pos = (vec3_t){0.000000, 1.243903, 0.000000},
			.scale = (vec3_t){1.000000, 1.000000, 1.000000}
		},
		.time_stamp = 68291490374736750000000.000000
	}
};
static key_frame_t man_anim_run_animation_joint5_key_frames[] = {
	{
		.joint_local_transform = (mat4_t){
			.mat = {
				1.000000, 0.000000, -0.000000, 0.000000,
				0.000000, 1.000000, 0.000000, 1.845766,
				0.000000, 0.000000, 1.000000, 0.000000,
				0.000000, 0.000000, 0.000000, 1.000000
			}
		},
		.joint_local_transform_qvv = {
			.rot = (quat_t){1.000000, 0.000000, -0.000000, 0.000000},
			.pos = (vec3_t){0.000000, 1.845766, 0.000000},
			.scale = (vec3_t){1.000000, 1.000000, 1.000000}
		},
		.time_stamp = 0.000000
	}
};
static key_frame_t man_anim_run_animation_joint6_key_frames[] = {
	{
		.joint_local_transform = (mat4_t){
			.mat = {
				1.000000, 0.000000, 0.000000, 0.000000,
				0.000000, 1.000000, 0.000000, 0.327499,
				-0.000000, 0.000000, 1.000000, 0.000000,
				0.000000, 0.000000, 0.000000, 1.000000
			}
		},
		.joint_local_transform_qvv = {
			.rot = (quat_t){1.000000, 0.000000, 0.000000, 0.000000},
			.pos = (vec3_t){0.000000, 0.327499, 0.000000},
			.scale = (vec3_t){1.000000, 1.000000, 1.000000}
		},
		.time_stamp = 0.000000
	}
};
static key_frame_t man_anim_run_animation_joint7_key_frames[] = {
	{
		.joint_local_transform = (mat4_t){
			.mat = {
				-0.000000, -1.000000, -0.000000, -1.044119,
				1.000000, 0.000000, -0.000000, 1.249182,
				0.000000, -0.000000, 1.000000, -0.000000,
				0.000000, 0.000000, 0.000000, 1.000000
			}
		},
		.joint_local_transform_qvv = {
			.rot = (quat_t){0.707107, 0.000000, -0.000000, 0.707107},
			.pos = (vec3_t){-1.044119, 1.249182, -0.000000},
			.scale = (vec3_t){1.000000, 1.000000, 1.000000}
		},
		.time_stamp = 0.000000
	}
};
static key_frame_t man_anim_run_animation_joint8_key_frames[] = {
	{
		.joint_local_transform = (mat4_t){
			.mat = {
				1.000000, 0.000000, 0.000000, 0.000000,
				0.000000, 1.000000, 0.000000, 1.336369,
				-0.000000, 0.000000, 1.000000, 0.000000,
				0.000000, 0.000000, 0.000000, 1.000000
			}
		},
		.joint_local_transform_qvv = {
			.rot = (quat_t){1.000000, 0.000000, 0.000000, 0.000000},
			.pos = (vec3_t){0.000000, 1.336369, 0.000000},
			.scale = (vec3_t){1.000000, 1.000000, 1.000000}
		},
		.time_stamp = 0.000000
	}
};
static key_frame_t man_anim_run_animation_joint9_key_frames[] = {
	{
		.joint_local_transform = (mat4_t){
			.mat = {
				1.000000, 0.000000, 0.000000, 0.000000,
				0.000000, 1.000000, 0.000000, 1.243903,
				0.000000, 0.000000, 1.000000, 0.000000,
				0.000000, 0.000000, 0.000000, 1.000000
			}
		},
		.joint_local_transform_qvv = {
			.rot = (quat_t){1.000000, 0.000000, 0.000000, 0.000000},
			.pos = (vec3_t){0.000000, 1.243903, 0.000000},
			.scale = (vec3_t){1.000000, 1.000000, 1.000000}
		},
		.time_stamp = 0.000000
	}
};
static key_frame_t man_anim_run_animation_joint10_key_frames[] = {
	{
		.joint_local_transform = (mat4_t){
			.mat = {
				0.997612, 0.068852, -0.006856, 0.492880,
				0.043033, -0.694966, -0.717754, -0.105168,
				-0.054173, 0.715741, -0.696266, 0.000000,
				0.000000, 0.000000, 0.000000, 1.000000
			}
		},
		.joint_local_transform_qvv = {
			.rot = (quat_t){0.389352, 0.920437, 0.030382, -0.016578},
			.pos = (vec3_t){0.492880, -0.105168, 0.000000},
			.scale = (vec3_t){1.000008, 1.000002, 1.000003}
		},
		.time_stamp = 0.000000
	},
	{
		.joint_local_transform = (mat4_t){
			.mat = {
				0.997611, 0.068854, -0.006856, 0.492880,
				0.025816, -0.462290, -0.886353, -0.105168,
				-0.064188, 0.884055, -0.462962, 0.000000,
				0.000000, 0.000000, 0.000000, 1.000000
			}
		},
		.joint_local_transform_qvv = {
			.rot = (quat_t){0.517774, 0.854817, 0.027682, -0.020780},
			.pos = (vec3_t){0.492880, -0.105168, 0.000000},
			.scale = (vec3_t){1.000008, 1.000003, 1.000002}
		},
		.time_stamp = 0.041667
	},
	{
		.joint_local_transform = (mat4_t){
			.mat = {
				0.997611, 0.068856, -0.006857, 0.492880,
				0.007956, -0.212552, -0.977117, -0.105168,
				-0.068727, 0.974725, -0.212592, 0.000000,
				0.000000, 0.000000, 0.000000, 1.000000
			}
		},
		.joint_local_transform_qvv = {
			.rot = (quat_t){0.626990, 0.778259, 0.024669, -0.024283},
			.pos = (vec3_t){0.492880, -0.105168, 0.000000},
			.scale = (vec3_t){1.000007, 1.000004, 1.000001}
		},
		.time_stamp = 0.083333
	},
	{
		.joint_local_transform = (mat4_t){
			.mat = {
				0.997611, 0.068857, -0.006857, 0.492880,
				0.002302, -0.132047, -0.991241, -0.105168,
				-0.069148, 0.988853, -0.131890, 0.000000,
				0.000000, 0.000000, 0.000000, 1.000000
			}
		},
		.joint_local_transform_qvv = {
			.rot = (quat_t){0.658345, 0.751921, 0.023654, -0.025273},
			.pos = (vec3_t){0.492880, -0.105168, 0.000000},
			.scale = (vec3_t){1.000008, 1.000004, 1.000001}
		},
		.time_stamp = 0.125000
	},
	{
		.joint_local_transform = (mat4_t){
			.mat = {
				0.997611, 0.068857, -0.006857, 0.492880,
				0.003056, -0.142823, -0.989744, -0.105168,
				-0.069119, 0.987354, -0.142693, 0.000000,
				0.000000, 0.000000, 0.000000, 1.000000
			}
		},
		.joint_local_transform_qvv = {
			.rot = (quat_t){0.654235, 0.755500, 0.023792, -0.025144},
			.pos = (vec3_t){0.492880, -0.105168, 0.000000},
			.scale = (vec3_t){1.000008, 1.000004, 1.000001}
		},
		.time_stamp = 0.166667
	},
	{
		.joint_local_transform = (mat4_t){
			.mat = {
				0.997611, 0.068856, -0.006857, 0.492880,
				0.008321, -0.217728, -0.975974, -0.105168,
				-0.068684, 0.973582, -0.217781, 0.000000,
				0.000000, 0.000000, 0.000000, 1.000000
			}
		},
		.joint_local_transform_qvv = {
			.rot = (quat_t){0.624920, 0.779922, 0.024734, -0.024217},
			.pos = (vec3_t){0.492880, -0.105168, 0.000000},
			.scale = (vec3_t){1.000008, 1.000004, 1.000001}
		},
		.time_stamp = 0.208333
	},
	{
		.joint_local_transform = (mat4_t){
			.mat = {
				0.997611, 0.068853, -0.006856, 0.492880,
				0.031313, -0.537581, -0.842631, -0.105168,
				-0.061692, 0.840400, -0.538451, 0.000000,
				0.000000, 0.000000, 0.000000, 1.000000
			}
		},
		.joint_local_transform_qvv = {
			.rot = (quat_t){0.479995, 0.876588, 0.028561, -0.019552},
			.pos = (vec3_t){0.492880, -0.105168, 0.000000},
			.scale = (vec3_t){1.000008, 1.000003, 1.000002}
		},
		.time_stamp = 0.250000
	},
	{
		.joint_local_transform = (mat4_t){
			.mat = {
				0.997611, 0.068855, -0.006858, 0.492880,
				0.031312, -0.537581, -0.842631, -0.105168,
				-0.061695, 0.840399, -0.538451, 0.000000,
				0.000000, 0.000000, 0.000000, 1.000000
			}
		},
		.joint_local_transform_qvv = {
			.rot = (quat_t){0.479995, 0.876588, 0.028561, -0.019554},
			.pos = (vec3_t){0.492880, -0.105168, 0.000000},
			.scale = (vec3_t){1.000008, 1.000003, 1.000002}
		},
		.time_stamp = 0.291667
	},
	{
		.joint_local_transform = (mat4_t){
			.mat = {
				0.997611, 0.068855, -0.006858, 0.492880,
				0.039744, -0.651286, -0.757791, -0.105168,
				-0.056633, 0.755705, -0.652464, 0.000000,
				0.000000, 0.000000, 0.000000, 1.000000
			}
		},
		.joint_local_transform_qvv = {
			.rot = (quat_t){0.416492, 0.908479, 0.029878, -0.017474},
			.pos = (vec3_t){0.492880, -0.105168, 0.000000},
			.scale = (vec3_t){1.000008, 1.000002, 1.000002}
		},
		.time_stamp = 0.333333
	},
	{
		.joint_local_transform = (mat4_t){
			.mat = {
				0.997612, 0.068851, -0.006857, 0.492880,
				0.056070, -0.862485, -0.502968, -0.105168,
				-0.040533, 0.501380, -0.864281, 0.000000,
				0.000000, 0.000000, 0.000000, 1.000000
			}
		},
		.joint_local_transform_qvv = {
			.rot = (quat_t){0.260214, 0.964925, 0.032354, -0.012280},
			.pos = (vec3_t){0.492880, -0.105168, 0.000000},
			.scale = (vec3_t){1.000008, 1.000001, 1.000003}
		},
		.time_stamp = 0.375000
	},
	{
		.joint_local_transform = (mat4_t){
			.mat = {
				0.997612, 0.068848, -0.006856, 0.492880,
				0.067390, -0.989332, -0.129157, -0.105168,
				-0.015664, 0.128385, -0.991604, 0.000000,
				0.000000, 0.000000, 0.000000, 1.000000
			}
		},
		.joint_local_transform_qvv = {
			.rot = (quat_t){0.064567, 0.997188, 0.034105, -0.005644},
			.pos = (vec3_t){0.492880, -0.105168, 0.000000},
			.scale = (vec3_t){1.000008, 1.000000, 1.000004}
		},
		.time_stamp = 0.416667
	},
	{
		.joint_local_transform = (mat4_t){
			.mat = {
				0.997612, 0.068846, -0.006855, 0.492880,
				0.068570, -0.970629, 0.230605, -0.105168,
				0.009233, -0.230523, -0.973027, 0.000000,
				0.000000, 0.000000, 0.000000, 1.000000
			}
		},
		.joint_local_transform_qvv = {
			.rot = (quat_t){0.116142, -0.992592, -0.034630, -0.000594},
			.pos = (vec3_t){0.492880, -0.105168, 0.000000},
			.scale = (vec3_t){1.000008, 1.000001, 1.000003}
		},
		.time_stamp = 0.458333
	},
	{
		.joint_local_transform = (mat4_t){
			.mat = {
				0.997612, 0.068845, -0.006855, 0.492880,
				0.066197, -0.920979, 0.383948, -0.105168,
				0.020130, -0.383483, -0.923333, 0.000000,
				0.000000, 0.000000, 0.000000, 1.000000
			}
		},
		.joint_local_transform_qvv = {
			.rot = (quat_t){0.195768, -0.980026, -0.034461, -0.003382},
			.pos = (vec3_t){0.492880, -0.105168, 0.000000},
			.scale = (vec3_t){1.000008, 1.000001, 1.000003}
		},
		.time_stamp = 0.500000
	},
	{
		.joint_local_transform = (mat4_t){
			.mat = {
				0.997612, 0.068845, -0.006855, 0.492880,
				0.066743, -0.931534, 0.357479, -0.105168,
				0.018236, -0.357081, -0.933899, 0.000000,
				0.000000, 0.000000, 0.000000, 1.000000
			}
		},
		.joint_local_transform_qvv = {
			.rot = (quat_t){0.181782, -0.982715, -0.034506, -0.002891},
			.pos = (vec3_t){0.492880, -0.105168, 0.000000},
			.scale = (vec3_t){1.000008, 1.000001, 1.000003}
		},
		.time_stamp = 0.541667
	},
	{
		.joint_local_transform = (mat4_t){
			.mat = {
				0.997612, 0.068846, -0.006855, 0.492880,
				0.068686, -0.973578, 0.217780, -0.105168,
				0.008330, -0.217730, -0.975977, 0.000000,
				0.000000, 0.000000, 0.000000, 1.000000
			}
		},
		.joint_local_transform_qvv = {
			.rot = (quat_t){0.109609, -0.993327, -0.034635, -0.000366},
			.pos = (vec3_t){0.492880, -0.105168, 0.000000},
			.scale = (vec3_t){1.000008, 1.000000, 1.000003}
		},
		.time_stamp = 0.583333
	},
	{
		.joint_local_transform = (mat4_t){
			.mat = {
				0.997612, 0.068848, -0.006856, 0.492880,
				0.068500, -0.996757, -0.042241, -0.105168,
				-0.009731, 0.041670, -0.999088, 0.000000,
				0.000000, 0.000000, 0.000000, 1.000000
			}
		},
		.joint_local_transform_qvv = {
			.rot = (quat_t){0.021021, 0.997972, 0.034196, -0.004137},
			.pos = (vec3_t){0.492880, -0.105168, 0.000000},
			.scale = (vec3_t){1.000008, 1.000000, 1.000004}
		},
		.time_stamp = 0.625000
	},
	{
		.joint_local_transform = (mat4_t){
			.mat = {
				0.997612, 0.068848, -0.006856, 0.492880,
				0.065768, -0.974378, -0.215089, -0.105168,
				-0.021478, 0.214123, -0.976574, 0.000000,
				0.000000, 0.000000, 0.000000, 1.000000
			}
		},
		.joint_local_transform_qvv = {
			.rot = (quat_t){0.108004, 0.993506, 0.033846, -0.007130},
			.pos = (vec3_t){0.492880, -0.105168, 0.000000},
			.scale = (vec3_t){1.000008, 1.000000, 1.000004}
		},
		.time_stamp = 0.666667
	},
	{
		.joint_local_transform = (mat4_t){
			.mat = {
				0.997612, 0.068850, -0.006856, 0.492880,
				0.054237, -0.839657, -0.540403, -0.105168,
				-0.042953, 0.538738, -0.841382, 0.000000,
				0.000000, 0.000000, 0.000000, 1.000000
			}
		},
		.joint_local_transform_qvv = {
			.rot = (quat_t){0.281324, 0.958984, 0.032078, -0.012987},
			.pos = (vec3_t){0.492880, -0.105168, 0.000000},
			.scale = (vec3_t){1.000008, 1.000001, 1.000003}
		},
		.time_stamp = 0.708333
	},
	{
		.joint_local_transform = (mat4_t){
			.mat = {
				0.997612, 0.068852, -0.006856, 0.492880,
				0.043033, -0.694966, -0.717754, -0.105168,
				-0.054173, 0.715741, -0.696266, 0.000000,
				0.000000, 0.000000, 0.000000, 1.000000
			}
		},
		.joint_local_transform_qvv = {
			.rot = (quat_t){0.389352, 0.920437, 0.030382, -0.016578},
			.pos = (vec3_t){0.492880, -0.105168, 0.000000},
			.scale = (vec3_t){1.000008, 1.000002, 1.000003}
		},
		.time_stamp = 0.750000
	}
};
static key_frame_t man_anim_run_animation_joint11_key_frames[] = {
	{
		.joint_local_transform = (mat4_t){
			.mat = {
				0.995957, 0.060591, 0.066314, 0.000000,
				0.071512, -0.088098, -0.993542, 2.119657,
				-0.054358, 0.994267, -0.092075, 0.000000,
				0.000000, 0.000000, 0.000000, 1.000000
			}
		},
		.joint_local_transform_qvv = {
			.rot = (quat_t){0.673755, 0.737586, 0.044776, 0.004052},
			.pos = (vec3_t){0.000000, 2.119657, 0.000000},
			.scale = (vec3_t){1.000000, 1.000000, 1.000000}
		},
		.time_stamp = 0.000000
	},
	{
		.joint_local_transform = (mat4_t){
			.mat = {
				0.996675, 0.045581, 0.067542, -0.000000,
				0.061168, 0.129092, -0.989744, 2.119657,
				-0.053833, 0.990584, 0.125875, 0.000000,
				0.000000, 0.000000, 0.000000, 1.000000
			}
		},
		.joint_local_transform_qvv = {
			.rot = (quat_t){0.750274, 0.659869, 0.040443, 0.005194},
			.pos = (vec3_t){-0.000000, 2.119657, 0.000000},
			.scale = (vec3_t){1.000000, 1.000000, 1.000000}
		},
		.time_stamp = 0.041667
	},
	{
		.joint_local_transform = (mat4_t){
			.mat = {
				0.997805, 0.021665, 0.062566, 0.000000,
				0.045334, 0.465170, -0.884060, 2.119656,
				-0.048257, 0.884956, 0.463167, -0.000000,
				0.000000, 0.000000, 0.000000, 1.000000
			}
		},
		.joint_local_transform_qvv = {
			.rot = (quat_t){0.855299, 0.517075, 0.032393, 0.006918},
			.pos = (vec3_t){0.000000, 2.119656, -0.000000},
			.scale = (vec3_t){1.000000, 1.000000, 1.000000}
		},
		.time_stamp = 0.083333
	},
	{
		.joint_local_transform = (mat4_t){
			.mat = {
				0.998523, 0.006297, 0.053960, 0.000000,
				0.035661, 0.673332, -0.738480, 2.119656,
				-0.040983, 0.739314, 0.672113, -0.000000,
				0.000000, 0.000000, 0.000000, 1.000000
			}
		},
		.joint_local_transform_qvv = {
			.rot = (quat_t){0.914326, 0.404066, 0.025960, 0.008029},
			.pos = (vec3_t){0.000000, 2.119656, -0.000000},
			.scale = (vec3_t){1.000000, 1.000000, 1.000000}
		},
		.time_stamp = 0.125000
	},
	{
		.joint_local_transform = (mat4_t){
			.mat = {
				0.998705, 0.002361, 0.050810, 0.000000,
				0.033270, 0.725289, -0.687640, 2.119657,
				-0.038475, 0.688440, 0.724272, 0.000000,
				0.000000, 0.000000, 0.000000, 1.000000
			}
		},
		.joint_local_transform_qvv = {
			.rot = (quat_t){0.928475, 0.370521, 0.024041, 0.008323},
			.pos = (vec3_t){0.000000, 2.119657, 0.000000},
			.scale = (vec3_t){1.000000, 1.000000, 1.000000}
		},
		.time_stamp = 0.166667
	},
	{
		.joint_local_transform = (mat4_t){
			.mat = {
				0.999120, -0.006671, 0.041399, 0.000000,
				0.027980, 0.841401, -0.539686, 2.119657,
				-0.031233, 0.540370, 0.840848, 0.000000,
				0.000000, 0.000000, 0.000000, 1.000000
			}
		},
		.joint_local_transform_qvv = {
			.rot = (quat_t){0.959345, 0.281457, 0.018928, 0.009030},
			.pos = (vec3_t){0.000000, 2.119657, 0.000000},
			.scale = (vec3_t){1.000000, 1.000000, 1.000000}
		},
		.time_stamp = 0.208333
	},
	{
		.joint_local_transform = (mat4_t){
			.mat = {
				0.999745, -0.020907, 0.008540, -0.000000,
				0.021292, 0.998628, -0.047839, 2.119657,
				-0.007528, 0.048009, 0.998819, -0.000000,
				0.000000, 0.000000, 0.000000, 1.000000
			}
		},
		.joint_local_transform_qvv = {
			.rot = (quat_t){0.999649, 0.023970, 0.004018, 0.010553},
			.pos = (vec3_t){-0.000000, 2.119657, -0.000000},
			.scale = (vec3_t){1.000000, 1.000000, 1.000000}
		},
		.time_stamp = 0.250000
	},
	{
		.joint_local_transform = (mat4_t){
			.mat = {
				0.999420, -0.013309, 0.031333, -0.000000,
				0.024376, 0.922270, -0.385778, 2.119657,
				-0.023763, 0.386318, 0.922059, -0.000000,
				0.000000, 0.000000, 0.000000, 1.000000
			}
		},
		.joint_local_transform_qvv = {
			.rot = (quat_t){0.980274, 0.196908, 0.014051, 0.009611},
			.pos = (vec3_t){-0.000000, 2.119657, -0.000000},
			.scale = (vec3_t){1.000000, 1.000000, 1.000000}
		},
		.time_stamp = 0.291667
	},
	{
		.joint_local_transform = (mat4_t){
			.mat = {
				0.998784, 0.000659, 0.049290, 0.000000,
				0.032248, 0.747525, -0.663450, 2.119657,
				-0.037283, 0.664233, 0.746595, 0.000000,
				0.000000, 0.000000, 0.000000, 1.000000
			}
		},
		.joint_local_transform_qvv = {
			.rot = (quat_t){0.934466, 0.355199, 0.023161, 0.008451},
			.pos = (vec3_t){0.000000, 2.119657, 0.000000},
			.scale = (vec3_t){1.000000, 1.000000, 1.000000}
		},
		.time_stamp = 0.333333
	},
	{
		.joint_local_transform = (mat4_t){
			.mat = {
				0.998523, 0.006294, 0.053958, -0.000000,
				0.035661, 0.673331, -0.738480, 2.119657,
				-0.040980, 0.739314, 0.672113, 0.000000,
				0.000000, 0.000000, 0.000000, 1.000000
			}
		},
		.joint_local_transform_qvv = {
			.rot = (quat_t){0.914326, 0.404067, 0.025958, 0.008030},
			.pos = (vec3_t){-0.000000, 2.119657, 0.000000},
			.scale = (vec3_t){1.000000, 1.000000, 1.000000}
		},
		.time_stamp = 0.375000
	},
	{
		.joint_local_transform = (mat4_t){
			.mat = {
				0.999420, -0.013314, 0.031335, -0.000000,
				0.024381, 0.922270, -0.385778, 2.119657,
				-0.023763, 0.386318, 0.922059, 0.000000,
				0.000000, 0.000000, 0.000000, 1.000000
			}
		},
		.joint_local_transform_qvv = {
			.rot = (quat_t){0.980274, 0.196908, 0.014051, 0.009613},
			.pos = (vec3_t){-0.000000, 2.119657, 0.000000},
			.scale = (vec3_t){1.000000, 1.000000, 1.000000}
		},
		.time_stamp = 0.416667
	},
	{
		.joint_local_transform = (mat4_t){
			.mat = {
				0.999723, -0.020337, 0.011839, 0.000000,
				0.021381, 0.995152, -0.096002, 2.119657,
				-0.009830, 0.096228, 0.995311, -0.000000,
				0.000000, 0.000000, 0.000000, 1.000000
			}
		},
		.joint_local_transform_qvv = {
			.rot = (quat_t){0.998772, 0.048117, 0.005424, 0.010442},
			.pos = (vec3_t){0.000000, 2.119657, -0.000000},
			.scale = (vec3_t){1.000000, 1.000000, 1.000000}
		},
		.time_stamp = 0.458333
	},
	{
		.joint_local_transform = (mat4_t){
			.mat = {
				0.999745, -0.020907, 0.008540, 0.000000,
				0.021292, 0.998628, -0.047839, 2.119657,
				-0.007528, 0.048009, 0.998819, 0.000000,
				0.000000, 0.000000, 0.000000, 1.000000
			}
		},
		.joint_local_transform_qvv = {
			.rot = (quat_t){0.999649, 0.023970, 0.004018, 0.010553},
			.pos = (vec3_t){0.000000, 2.119657, 0.000000},
			.scale = (vec3_t){1.000000, 1.000000, 1.000000}
		},
		.time_stamp = 0.500000
	},
	{
		.joint_local_transform = (mat4_t){
			.mat = {
				0.999574, -0.016809, 0.023836, 0.000000,
				0.022687, 0.961683, -0.273225, 2.119657,
				-0.018330, 0.273650, 0.961655, -0.000000,
				0.000000, 0.000000, 0.000000, 1.000000
			}
		},
		.joint_local_transform_qvv = {
			.rot = (quat_t){0.990317, 0.138055, 0.010645, 0.009971},
			.pos = (vec3_t){0.000000, 2.119657, -0.000000},
			.scale = (vec3_t){1.000000, 1.000000, 1.000000}
		},
		.time_stamp = 0.541667
	},
	{
		.joint_local_transform = (mat4_t){
			.mat = {
				0.998291, 0.011283, 0.057338, 0.000000,
				0.038758, 0.606497, -0.794141, 2.119656,
				-0.043736, 0.795006, 0.605023, -0.000000,
				0.000000, 0.000000, 0.000000, 1.000000
			}
		},
		.joint_local_transform_qvv = {
			.rot = (quat_t){0.895797, 0.443501, 0.028208, 0.007668},
			.pos = (vec3_t){0.000000, 2.119656, -0.000000},
			.scale = (vec3_t){1.000000, 1.000000, 1.000000}
		},
		.time_stamp = 0.583333
	},
	{
		.joint_local_transform = (mat4_t){
			.mat = {
				0.995816, 0.063524, 0.065685, -0.000000,
				0.073572, -0.131044, -0.988643, 2.119657,
				-0.054195, 0.989339, -0.135169, 0.000000,
				0.000000, 0.000000, 0.000000, 1.000000
			}
		},
		.joint_local_transform_qvv = {
			.rot = (quat_t){0.657572, 0.752002, 0.045577, 0.003820},
			.pos = (vec3_t){-0.000000, 2.119657, 0.000000},
			.scale = (vec3_t){1.000000, 1.000000, 1.000000}
		},
		.time_stamp = 0.625000
	},
	{
		.joint_local_transform = (mat4_t){
			.mat = {
				0.995538, 0.069321, 0.064028, -0.000000,
				0.077671, -0.216591, -0.973168, 2.119657,
				-0.053593, 0.973799, -0.221009, 0.000000,
				0.000000, 0.000000, 0.000000, 1.000000
			}
		},
		.joint_local_transform_qvv = {
			.rot = (quat_t){0.624087, 0.779926, 0.047117, 0.003345},
			.pos = (vec3_t){-0.000000, 2.119657, 0.000000},
			.scale = (vec3_t){1.000000, 1.000000, 1.000000}
		},
		.time_stamp = 0.666667
	},
	{
		.joint_local_transform = (mat4_t){
			.mat = {
				0.995747, 0.064974, 0.065319, 0.000000,
				0.074591, -0.152399, -0.985500, 2.119657,
				-0.054078, 0.986181, -0.156597, 0.000000,
				0.000000, 0.000000, 0.000000, 1.000000
			}
		},
		.joint_local_transform_qvv = {
			.rot = (quat_t){0.649375, 0.759069, 0.045966, 0.003702},
			.pos = (vec3_t){0.000000, 2.119657, 0.000000},
			.scale = (vec3_t){1.000000, 1.000000, 1.000000}
		},
		.time_stamp = 0.708333
	},
	{
		.joint_local_transform = (mat4_t){
			.mat = {
				0.995957, 0.060591, 0.066314, 0.000000,
				0.071512, -0.088098, -0.993542, 2.119657,
				-0.054358, 0.994267, -0.092075, 0.000000,
				0.000000, 0.000000, 0.000000, 1.000000
			}
		},
		.joint_local_transform_qvv = {
			.rot = (quat_t){0.673755, 0.737586, 0.044776, 0.004052},
			.pos = (vec3_t){0.000000, 2.119657, 0.000000},
			.scale = (vec3_t){1.000000, 1.000000, 1.000000}
		},
		.time_stamp = 0.750000
	}
};
static key_frame_t man_anim_run_animation_joint12_key_frames[] = {
	{
		.joint_local_transform = (mat4_t){
			.mat = {
				0.999632, -0.025134, 0.010196, 0.000000,
				0.003682, 0.498208, 0.867050, 1.992231,
				-0.026872, -0.866693, 0.498117, -0.000000,
				0.000000, 0.000000, 0.000000, 1.000000
			}
		},
		.joint_local_transform_qvv = {
			.rot = (quat_t){0.865442, -0.500826, 0.010708, 0.008324},
			.pos = (vec3_t){0.000000, 1.992231, -0.000000},
			.scale = (vec3_t){1.000000, 1.000000, 1.000000}
		},
		.time_stamp = 0.000000
	},
	{
		.joint_local_transform = (mat4_t){
			.mat = {
				0.999788, -0.019317, 0.007121, -0.000000,
				0.000620, 0.374015, 0.927423, 1.992231,
				-0.020578, -0.927222, 0.373947, 0.000000,
				0.000000, 0.000000, 0.000000, 1.000000
			}
		},
		.joint_local_transform_qvv = {
			.rot = (quat_t){0.828817, -0.559425, 0.008355, 0.006014},
			.pos = (vec3_t){-0.000000, 1.992231, 0.000000},
			.scale = (vec3_t){1.000000, 1.000000, 1.000000}
		},
		.time_stamp = 0.041667
	},
	{
		.joint_local_transform = (mat4_t){
			.mat = {
				0.999856, -0.015942, 0.005776, -0.000000,
				-0.000687, 0.302268, 0.953223, 1.992231,
				-0.016942, -0.953089, 0.302214, 0.000000,
				0.000000, 0.000000, 0.000000, 1.000000
			}
		},
		.joint_local_transform_qvv = {
			.rot = (quat_t){0.806898, -0.590630, 0.007039, 0.004726},
			.pos = (vec3_t){-0.000000, 1.992231, 0.000000},
			.scale = (vec3_t){1.000000, 1.000000, 1.000000}
		},
		.time_stamp = 0.083333
	},
	{
		.joint_local_transform = (mat4_t){
			.mat = {
				0.999865, -0.015452, 0.005605, 0.000000,
				-0.000851, 0.291868, 0.956458, 1.992232,
				-0.016415, -0.956334, 0.291815, 0.000000,
				0.000000, 0.000000, 0.000000, 1.000000
			}
		},
		.joint_local_transform_qvv = {
			.rot = (quat_t){0.803671, -0.595017, 0.006850, 0.004542},
			.pos = (vec3_t){0.000000, 1.992232, 0.000000},
			.scale = (vec3_t){1.000000, 1.000000, 1.000000}
		},
		.time_stamp = 0.125000
	},
	{
		.joint_local_transform = (mat4_t){
			.mat = {
				0.999865, -0.015452, 0.005605, -0.000000,
				-0.000851, 0.291868, 0.956458, 1.992231,
				-0.016415, -0.956334, 0.291815, 0.000000,
				0.000000, 0.000000, 0.000000, 1.000000
			}
		},
		.joint_local_transform_qvv = {
			.rot = (quat_t){0.803671, -0.595017, 0.006850, 0.004542},
			.pos = (vec3_t){-0.000000, 1.992231, 0.000000},
			.scale = (vec3_t){1.000000, 1.000000, 1.000000}
		},
		.time_stamp = 0.166667
	},
	{
		.joint_local_transform = (mat4_t){
			.mat = {
				0.999865, -0.015452, 0.005604, -0.000000,
				-0.000851, 0.291868, 0.956458, 1.992231,
				-0.016415, -0.956334, 0.291815, -0.000000,
				0.000000, 0.000000, 0.000000, 1.000000
			}
		},
		.joint_local_transform_qvv = {
			.rot = (quat_t){0.803671, -0.595017, 0.006850, 0.004542},
			.pos = (vec3_t){-0.000000, 1.992231, -0.000000},
			.scale = (vec3_t){1.000000, 1.000000, 1.000000}
		},
		.time_stamp = 0.208333
	},
	{
		.joint_local_transform = (mat4_t){
			.mat = {
				0.999990, -0.003273, 0.003142, 0.000000,
				-0.003027, 0.034679, 0.999394, 1.992231,
				-0.003380, -0.999393, 0.034669, -0.000000,
				0.000000, 0.000000, 0.000000, 1.000000
			}
		},
		.joint_local_transform_qvv = {
			.rot = (quat_t){0.719260, -0.694738, 0.002267, 0.000086},
			.pos = (vec3_t){0.000000, 1.992231, -0.000000},
			.scale = (vec3_t){1.000000, 1.000000, 1.000000}
		},
		.time_stamp = 0.250000
	},
	{
		.joint_local_transform = (mat4_t){
			.mat = {
				0.999865, -0.015452, 0.005605, 0.000000,
				-0.000851, 0.291868, 0.956458, 1.992232,
				-0.016415, -0.956334, 0.291815, 0.000000,
				0.000000, 0.000000, 0.000000, 1.000000
			}
		},
		.joint_local_transform_qvv = {
			.rot = (quat_t){0.803671, -0.595017, 0.006850, 0.004542},
			.pos = (vec3_t){0.000000, 1.992232, 0.000000},
			.scale = (vec3_t){1.000000, 1.000000, 1.000000}
		},
		.time_stamp = 0.291667
	},
	{
		.joint_local_transform = (mat4_t){
			.mat = {
				0.999994, 0.001792, 0.003065, 0.000000,
				-0.002929, -0.071607, 0.997429, 1.992231,
				0.002007, -0.997431, -0.071601, -0.000000,
				0.000000, 0.000000, 0.000000, 1.000000
			}
		},
		.joint_local_transform_qvv = {
			.rot = (quat_t){0.681319, -0.731984, 0.000388, -0.001732},
			.pos = (vec3_t){0.000000, 1.992231, -0.000000},
			.scale = (vec3_t){1.000000, 1.000000, 1.000000}
		},
		.time_stamp = 0.333333
	},
	{
		.joint_local_transform = (mat4_t){
			.mat = {
				0.999799, 0.018795, 0.006894, 0.000000,
				0.001758, -0.425473, 0.904970, 1.992231,
				0.019942, -0.904776, -0.425421, 0.000000,
				0.000000, 0.000000, 0.000000, 1.000000
			}
		},
		.joint_local_transform_qvv = {
			.rot = (quat_t){0.535935, -0.844200, -0.006086, -0.007947},
			.pos = (vec3_t){0.000000, 1.992231, 0.000000},
			.scale = (vec3_t){1.000000, 1.000000, 1.000000}
		},
		.time_stamp = 0.375000
	},
	{
		.joint_local_transform = (mat4_t){
			.mat = {
				0.999951, 0.009127, 0.003913, 0.000000,
				-0.001761, -0.224873, 0.974387, 1.992231,
				0.009774, -0.974345, -0.224845, 0.000000,
				0.000000, 0.000000, 0.000000, 1.000000
			}
		},
		.joint_local_transform_qvv = {
			.rot = (quat_t){0.622542, -0.782571, -0.002353, -0.004372},
			.pos = (vec3_t){0.000000, 1.992231, 0.000000},
			.scale = (vec3_t){1.000000, 1.000000, 1.000000}
		},
		.time_stamp = 0.416667
	},
	{
		.joint_local_transform = (mat4_t){
			.mat = {
				0.999805, -0.018548, 0.006786, 0.000000,
				0.000296, 0.357657, 0.933853, 1.992232,
				-0.019748, -0.933669, 0.357593, -0.000000,
				0.000000, 0.000000, 0.000000, 1.000000
			}
		},
		.joint_local_transform_qvv = {
			.rot = (quat_t){0.823871, -0.566691, 0.008052, 0.005718},
			.pos = (vec3_t){0.000000, 1.992232, -0.000000},
			.scale = (vec3_t){1.000000, 1.000000, 1.000000}
		},
		.time_stamp = 0.458333
	},
	{
		.joint_local_transform = (mat4_t){
			.mat = {
				0.999321, -0.033029, 0.016335, -0.000000,
				0.009927, 0.668239, 0.743881, 1.992232,
				-0.035485, -0.743213, 0.668113, 0.000000,
				0.000000, 0.000000, 0.000000, 1.000000
			}
		},
		.joint_local_transform_qvv = {
			.rot = (quat_t){0.913191, -0.407115, 0.014187, 0.011760},
			.pos = (vec3_t){-0.000000, 1.992232, 0.000000},
			.scale = (vec3_t){1.000000, 1.000000, 1.000000}
		},
		.time_stamp = 0.500000
	},
	{
		.joint_local_transform = (mat4_t){
			.mat = {
				0.999524, -0.028271, 0.012322, 0.000000,
				0.005831, 0.565574, 0.824678, 1.992232,
				-0.030283, -0.824213, 0.565469, 0.000000,
				0.000000, 0.000000, 0.000000, 1.000000
			}
		},
		.joint_local_transform_qvv = {
			.rot = (quat_t){0.884670, -0.465962, 0.012040, 0.009637},
			.pos = (vec3_t){0.000000, 1.992232, 0.000000},
			.scale = (vec3_t){1.000000, 1.000000, 1.000000}
		},
		.time_stamp = 0.541667
	},
	{
		.joint_local_transform = (mat4_t){
			.mat = {
				0.999788, -0.019316, 0.007119, 0.000000,
				0.000622, 0.374015, 0.927423, 1.992231,
				-0.020577, -0.927221, 0.373948, 0.000000,
				0.000000, 0.000000, 0.000000, 1.000000
			}
		},
		.joint_local_transform_qvv = {
			.rot = (quat_t){0.828817, -0.559425, 0.008354, 0.006014},
			.pos = (vec3_t){0.000000, 1.992231, 0.000000},
			.scale = (vec3_t){1.000000, 1.000000, 1.000000}
		},
		.time_stamp = 0.583333
	},
	{
		.joint_local_transform = (mat4_t){
			.mat = {
				0.999865, -0.015453, 0.005603, -0.000000,
				-0.000849, 0.291868, 0.956459, 1.992231,
				-0.016415, -0.956334, 0.291815, -0.000000,
				0.000000, 0.000000, 0.000000, 1.000000
			}
		},
		.joint_local_transform_qvv = {
			.rot = (quat_t){0.803671, -0.595017, 0.006849, 0.004543},
			.pos = (vec3_t){-0.000000, 1.992231, -0.000000},
			.scale = (vec3_t){1.000000, 1.000000, 1.000000}
		},
		.time_stamp = 0.625000
	},
	{
		.joint_local_transform = (mat4_t){
			.mat = {
				0.999321, -0.033034, 0.016333, 0.000000,
				0.009932, 0.668239, 0.743881, 1.992231,
				-0.035488, -0.743213, 0.668113, -0.000000,
				0.000000, 0.000000, 0.000000, 1.000000
			}
		},
		.joint_local_transform_qvv = {
			.rot = (quat_t){0.913191, -0.407115, 0.014187, 0.011763},
			.pos = (vec3_t){0.000000, 1.992231, -0.000000},
			.scale = (vec3_t){1.000000, 1.000000, 1.000000}
		},
		.time_stamp = 0.666667
	},
	{
